26748000
26748001
26748002
26748003
26748004
26748005
26748006
26748007
26748008
26748009
26748010
26748011
26748012
26748013
26748014
26748015
26748016
26748017
26749000
26749001
26749002
26749003
26749004
26749005
26749006
26749007
26749008
26749009
26750000
26750001
26750002
26750003
26750004
26750005
26750006
26750007
26750008
26750009
26750010
26750011
26750012
26750013
26750014
26750015
26750016
26750017
26750018
26750019
26750020
26750021
26751000
26751001
26751002
26751003
26751004
26751005
26751006
26751007
26751008
26751009
26751010
26752000
26752001
26752002
26752003
26752004
26753000
26753001
26753002
26753003
26753004
26753005
26753006
26753007
26753008
26753009
26753010
26753011
26753012
26753013
26753014
26753015
26754000
26754001
26754002
26754003
26754004
26755000
26755001
26755002
26755003
26755004
26755005
26755006
26755007
26755008
26755009
26755010
26755011
26755012
26755013
26755014
26755015
26755016
26755017
26755018
26755019
26755020
26755021
26756000
26756001
26756002
26756003
26756004
26756005
26756006
26756007
26756008
26756009
26756010
26756011
26756012
26756013
26756014
26756015
26756016
26756017
26756018
26756019
26756020
26756021
26756022
26756023
26756024
26756025
26756026
26756027
26756028
26756029
26756030
26756031
26756032
26757000
26757001
26757002
26757003
26757004
26757005
26757006
26757007
26757008
26757009
26757010
26757011
26757012
26757013
26757014
26757015
26757016
26757017
26757018
26757019
26757020
26757021
26757022
26757023
26757024
26757025
26757026
26757027
26758000
26758001
26758002
26758003
26758004
26758005
26758006
26758007
26758008
26758009
26758010
26759000
26759001
26759002
26759003
26759004
26759005
26759006
26759007
26759008
26759009
26759010
26759011
26759012
26760000
26760001
26760002
26760003
26760004
26760005
26760006
26760007
26760008
26760009
26760010
26760011
26760012
26760013
26760014
26761000
26761001
26761002
26761003
26761004
26761005
26761006
26761007
26761008
26761009
26761010
26761011
26761012
26761013
26762000
26762001
26762002
26762003
26762004
26762005
26762006
26762007
26762008
26762009
26762010
26762011
26763000
26763001
26763002
26763003
26763004
26763005
26763006
26763007
26763008
26763009
26763010
26763011
26763012
26763013
26763014
26763015
26763016
26764000
26764001
26764002
26764003
26764004
26764005
26764006
26764007
26764008
26764009
26764010
26764011
26764012
26764013
26765000
26765001
26765002
26765003
26766000
26766001
26766002
26766003
26766004
26766005
26766006
26766007
26766008
26766009
26766010
26766011
26766012
26766013
26766014
26766015
26766016
26766017
26766018
26766019
26766020
26766021
26766022
26766023
26766024
26766025
26767000
26767001
26767002
26767003
26767004
26767005
26768000
26768001
26768002
26768003
26768004
26768005
26768006
26768007
26768008
26768009
26768010
26768011
26768012
26769000
26769001
26769002
26769003
26769004
26769005
26769006
26769007
26769008
26769009
26769010
26769011
26769012
26769013
26769014
26769015
26769016
26769017
26769018
26769019
26769020
26770000
26770001
26770002
26770003
26770004
26770005
26770006
26770007
26771000
26771001
26771002
26771003
26771004
26771005
26771006
26771007
26771008
26771009
26771010
26771011
26772000
26772001
26772002
26772003
26772004
26772005
26772006
26773000
26773001
26773002
26773003
26773004
26773005
26773006
26773007
26773008
26773009
26773010
26773011
26773012
26773013
26773014
26773015
26773016
26773017
26774000
26774001
26774002
26774003
26774004
26775000
26775001
26775002
26775003
26775004
26775005
26775006
26775007
26775008
26775009
26775010
26776000
26776001
26776002
26776003
26776004
26776005
26776006
26776007
26776008
26777000
26777001
26777002
26777003
26777004
26777005
26777006
26777007
26777008
26777009
26777010
26777011
26777012
26777013
26777014
26777015
26777016
26777017
26777018
26778000
26778001
26778002
26778003
26778004
26778005
26778006
26778007
26778008
26778009
26778010
26778011
26778012
26779000
26779001
26780000
26780001
26780002
26780003
26780004
26780005
26780006
26780007
26780008
26780009
26780010
26780011
26780012
26780013
26780014
26780015
26781000
26781001
26781002
26781003
26781004
26781005
26781006
26781007
26781008
26781009
26781010
26781011
26781012
26781013
26781014
26782000
26782001
26782002
26782003
26782004
26782005
26783000
26783001
26783002
26783003
26783004
26783005
26783006
26783007
26783008
26783009
26783010
26783011
26783012
26783013
26783014
26783015
26783016
26783017
26783018
26783019
26783020
26783021
26784000
26784001
26784002
26784003
26784004
26784005
26784006
26784007
26784008
26784009
26784010
26784011
26784012
26784013
26784014
26784015
26785000
26785001
26785002
26785003
26785004
26785005
26785006
26785007
26785008
26785009
26785010
26785011
26785012
26785013
26786000
26787000
26787001
26787002
26787003
26787004
26787005
26787006
26787007
26787008
26787009
26787010
26787011
26787012
26787013
26787014
26787015
26787016
26788000
26788001
26788002
26788003
26788004
26788005
26788006
26788007
26788008
26788009
26788010
26788011
26788012
26788013
26788014
26788015
26788016
26788017
26788018
26788019
26788020
26788021
26789000
26789001
26789002
26789003
26789004
26789005
26789006
26789007
26789008
26789009
26789010
26789011
26790000
26790001
26790002
26791000
26791001
26791002
26791003
26791004
26791005
26791006
26791007
26792000
26792001
26792002
26792003
26792004
26792005
26792006
26792007
26792008
26792009
26792010
26792011
26792012
26792013
26792014
26793000
26793001
26793002
26793003
26793004
26793005
26793006
26793007
26793008
26793009
26793010
26793011
26793012
26793013
26794000
26794001
26794002
26794003
26794004
26794005
26794006
26794007
26794008
26795000
26795001
26795002
26795003
26795004
26795005
26795006
26796000
26796001
26796002
26796003
26796004
26796005
26796006
26797000
26797001
26797002
26797003
26797004
26797005
26797006
26797007
26797008
26797009
26797010
26798000
26798001
26798002
26798003
26798004
26798005
26798006
26798007
26799000
26800000
26800001
26800002
26800003
26800004
26800005
26800006
26800007
26800008
26800009
26800010
26800011
26800012
26800013
26800014
26801000
26801001
26801002
26801003
26801004
26801005
26801006
26802000
26802001
26802002
26802003
26802004
26802005
26802006
26802007
26802008
26802009
26802010
26802011
26802012
